"","par","est","se","true","method","id","seed","n","skew","ncat","model.id","admissible","time"
"1","X=~x1",0.471499831852342,0.124474257431588,0.4,"MC-OrdPLSc-Median",7161,5491876,300,"Symmetric","2",1,TRUE,119.608999999997
"2","X=~x2",0.837706290197766,0.0846793311384746,0.8,"MC-OrdPLSc-Median",7161,5491876,300,"Symmetric","2",1,TRUE,119.608999999997
"3","X=~x3",0.686369804592143,0.0717406955806931,0.8,"MC-OrdPLSc-Median",7161,5491876,300,"Symmetric","2",1,TRUE,119.608999999997
"4","Z=~z1",0.612233148057903,0.382100272073431,0.6,"MC-OrdPLSc-Median",7161,5491876,300,"Symmetric","2",1,TRUE,119.608999999997
"5","Z=~z2",0.614950208161827,0.65686462363623,0.6,"MC-OrdPLSc-Median",7161,5491876,300,"Symmetric","2",1,TRUE,119.608999999997
"6","Z=~z3",0.735727560111552,0.208141875466582,0.8,"MC-OrdPLSc-Median",7161,5491876,300,"Symmetric","2",1,TRUE,119.608999999997
"7","Y=~y1",0.380418808265215,0.35564394694132,0.4,"MC-OrdPLSc-Median",7161,5491876,300,"Symmetric","2",1,TRUE,119.608999999997
"8","Y=~y2",0.763192959843911,0.299260008427754,0.7,"MC-OrdPLSc-Median",7161,5491876,300,"Symmetric","2",1,TRUE,119.608999999997
"9","Y=~y3",0.922963010874438,0.0864736519430852,0.9,"MC-OrdPLSc-Median",7161,5491876,300,"Symmetric","2",1,TRUE,119.608999999997
"10","Y~X",0.428562371648515,0.1396509322746,0.4,"MC-OrdPLSc-Median",7161,5491876,300,"Symmetric","2",1,TRUE,119.608999999997
"11","Y~Z",0.435253034700454,0.107142072930857,0.5,"MC-OrdPLSc-Median",7161,5491876,300,"Symmetric","2",1,TRUE,119.608999999997
"12","Y~X:Z",0.419954148207263,0.171101657075329,0.3,"MC-OrdPLSc-Median",7161,5491876,300,"Symmetric","2",1,TRUE,119.608999999997
"13","X~~Z",0.428904272454488,0.295360975203072,0.2,"MC-OrdPLSc-Median",7161,5491876,300,"Symmetric","2",1,TRUE,119.608999999997
"14","X=~x1",0.421238084891176,0.0639793295823562,0.4,"MC-OrdPLSc-Median",7162,6962060,1000,"Symmetric","2",1,TRUE,40.6399999999849
"15","X=~x2",0.726964903673627,0.0451599158853229,0.8,"MC-OrdPLSc-Median",7162,6962060,1000,"Symmetric","2",1,TRUE,40.6399999999849
"16","X=~x3",0.88230446060198,0.051996896424027,0.8,"MC-OrdPLSc-Median",7162,6962060,1000,"Symmetric","2",1,TRUE,40.6399999999849
"17","Z=~z1",0.59629276829385,0.100905424310692,0.6,"MC-OrdPLSc-Median",7162,6962060,1000,"Symmetric","2",1,TRUE,40.6399999999849
"18","Z=~z2",0.579231496500892,0.0652582845433578,0.6,"MC-OrdPLSc-Median",7162,6962060,1000,"Symmetric","2",1,TRUE,40.6399999999849
"19","Z=~z3",0.876605496427962,0.0802751228285517,0.8,"MC-OrdPLSc-Median",7162,6962060,1000,"Symmetric","2",1,TRUE,40.6399999999849
"20","Y=~y1",0.44519139070791,0.121109431901868,0.4,"MC-OrdPLSc-Median",7162,6962060,1000,"Symmetric","2",1,TRUE,40.6399999999849
"21","Y=~y2",0.710334824461318,0.0504228922911688,0.7,"MC-OrdPLSc-Median",7162,6962060,1000,"Symmetric","2",1,TRUE,40.6399999999849
"22","Y=~y3",0.839824963768454,0.0672701205548756,0.9,"MC-OrdPLSc-Median",7162,6962060,1000,"Symmetric","2",1,TRUE,40.6399999999849
"23","Y~X",0.483600802516777,0.0648133244727806,0.4,"MC-OrdPLSc-Median",7162,6962060,1000,"Symmetric","2",1,TRUE,40.6399999999849
"24","Y~Z",0.394167179890878,0.0685489418314616,0.5,"MC-OrdPLSc-Median",7162,6962060,1000,"Symmetric","2",1,TRUE,40.6399999999849
"25","Y~X:Z",0.258919613004991,0.0772147565159184,0.3,"MC-OrdPLSc-Median",7162,6962060,1000,"Symmetric","2",1,TRUE,40.6399999999849
"26","X~~Z",0.0549591494365931,0.0510014979920897,0.2,"MC-OrdPLSc-Median",7162,6962060,1000,"Symmetric","2",1,TRUE,40.6399999999849
"27","X=~x1",0.52328669325235,0.0938832242484573,0.4,"MC-OrdPLSc-Median",7163,8780937,300,"Symmetric","3",1,TRUE,130.323999999993
"28","X=~x2",0.79179138435902,0.0798435235945017,0.8,"MC-OrdPLSc-Median",7163,8780937,300,"Symmetric","3",1,TRUE,130.323999999993
"29","X=~x3",0.851893986670148,0.0796900933063819,0.8,"MC-OrdPLSc-Median",7163,8780937,300,"Symmetric","3",1,TRUE,130.323999999993
"30","Z=~z1",0.522251878817011,0.0912541032182526,0.6,"MC-OrdPLSc-Median",7163,8780937,300,"Symmetric","3",1,TRUE,130.323999999993
"31","Z=~z2",0.472598079656989,0.0805488891656178,0.6,"MC-OrdPLSc-Median",7163,8780937,300,"Symmetric","3",1,TRUE,130.323999999993
"32","Z=~z3",0.950062066823645,0.276323808696374,0.8,"MC-OrdPLSc-Median",7163,8780937,300,"Symmetric","3",1,TRUE,130.323999999993
"33","Y=~y1",0.41906281605507,0.123558659588195,0.4,"MC-OrdPLSc-Median",7163,8780937,300,"Symmetric","3",1,TRUE,130.323999999993
"34","Y=~y2",0.734088379650741,0.0997054092321978,0.7,"MC-OrdPLSc-Median",7163,8780937,300,"Symmetric","3",1,TRUE,130.323999999993
"35","Y=~y3",0.862490707149323,0.0647089215997662,0.9,"MC-OrdPLSc-Median",7163,8780937,300,"Symmetric","3",1,TRUE,130.323999999993
"36","Y~X",0.484002673134692,0.0823517504326829,0.4,"MC-OrdPLSc-Median",7163,8780937,300,"Symmetric","3",1,TRUE,130.323999999993
"37","Y~Z",0.404173398600184,0.0954770628791862,0.5,"MC-OrdPLSc-Median",7163,8780937,300,"Symmetric","3",1,TRUE,130.323999999993
"38","Y~X:Z",0.22544725025284,0.245783440372854,0.3,"MC-OrdPLSc-Median",7163,8780937,300,"Symmetric","3",1,TRUE,130.323999999993
"39","X~~Z",9.94810927040602e-05,0.0832269766843149,0.2,"MC-OrdPLSc-Median",7163,8780937,300,"Symmetric","3",1,TRUE,130.323999999993
"40","X=~x1",0.407203111365611,0.0752403913032052,0.4,"MC-OrdPLSc-Median",7164,1282635,1000,"Symmetric","3",1,TRUE,49.5219999999972
"41","X=~x2",0.809330136419223,0.0537479194350448,0.8,"MC-OrdPLSc-Median",7164,1282635,1000,"Symmetric","3",1,TRUE,49.5219999999972
"42","X=~x3",0.749847500717321,0.0332759240898139,0.8,"MC-OrdPLSc-Median",7164,1282635,1000,"Symmetric","3",1,TRUE,49.5219999999972
"43","Z=~z1",0.610527314292706,0.0361982780230938,0.6,"MC-OrdPLSc-Median",7164,1282635,1000,"Symmetric","3",1,TRUE,49.5219999999972
"44","Z=~z2",0.595847888226648,0.0313319358604269,0.6,"MC-OrdPLSc-Median",7164,1282635,1000,"Symmetric","3",1,TRUE,49.5219999999972
"45","Z=~z3",0.863916614228095,0.0348814481606307,0.8,"MC-OrdPLSc-Median",7164,1282635,1000,"Symmetric","3",1,TRUE,49.5219999999972
"46","Y=~y1",0.403900466480124,0.0332259960199814,0.4,"MC-OrdPLSc-Median",7164,1282635,1000,"Symmetric","3",1,TRUE,49.5219999999972
"47","Y=~y2",0.705580170212594,0.0312737829821403,0.7,"MC-OrdPLSc-Median",7164,1282635,1000,"Symmetric","3",1,TRUE,49.5219999999972
"48","Y=~y3",0.859613928959093,0.0362537557988095,0.9,"MC-OrdPLSc-Median",7164,1282635,1000,"Symmetric","3",1,TRUE,49.5219999999972
"49","Y~X",0.36463968916662,0.0438320006359232,0.4,"MC-OrdPLSc-Median",7164,1282635,1000,"Symmetric","3",1,TRUE,49.5219999999972
"50","Y~Z",0.548759366103457,0.0437704940831595,0.5,"MC-OrdPLSc-Median",7164,1282635,1000,"Symmetric","3",1,TRUE,49.5219999999972
"51","Y~X:Z",0.294071908147927,0.0536612939564676,0.3,"MC-OrdPLSc-Median",7164,1282635,1000,"Symmetric","3",1,TRUE,49.5219999999972
"52","X~~Z",0.176708594703222,0.0504571428470316,0.2,"MC-OrdPLSc-Median",7164,1282635,1000,"Symmetric","3",1,TRUE,49.5219999999972
"53","X=~x1",0.297165863771062,0.0867158946407722,0.4,"MC-OrdPLSc-Median",7165,6761950,300,"Symmetric","5",1,TRUE,208.756999999983
"54","X=~x2",0.874649596895602,0.0563886499171224,0.8,"MC-OrdPLSc-Median",7165,6761950,300,"Symmetric","5",1,TRUE,208.756999999983
"55","X=~x3",0.729630176599893,0.0628401781955465,0.8,"MC-OrdPLSc-Median",7165,6761950,300,"Symmetric","5",1,TRUE,208.756999999983
"56","Z=~z1",0.541435604900137,0.0476848955362765,0.6,"MC-OrdPLSc-Median",7165,6761950,300,"Symmetric","5",1,TRUE,208.756999999983
"57","Z=~z2",0.712209364061413,0.0826263182194846,0.6,"MC-OrdPLSc-Median",7165,6761950,300,"Symmetric","5",1,TRUE,208.756999999983
"58","Z=~z3",0.769801808169623,0.0535741824878649,0.8,"MC-OrdPLSc-Median",7165,6761950,300,"Symmetric","5",1,TRUE,208.756999999983
"59","Y=~y1",0.428332373827896,0.0564607004645346,0.4,"MC-OrdPLSc-Median",7165,6761950,300,"Symmetric","5",1,TRUE,208.756999999983
"60","Y=~y2",0.706513002113691,0.0478378060231653,0.7,"MC-OrdPLSc-Median",7165,6761950,300,"Symmetric","5",1,TRUE,208.756999999983
"61","Y=~y3",0.876240950621857,0.059333421976633,0.9,"MC-OrdPLSc-Median",7165,6761950,300,"Symmetric","5",1,TRUE,208.756999999983
"62","Y~X",0.427050120242223,0.0984671753349574,0.4,"MC-OrdPLSc-Median",7165,6761950,300,"Symmetric","5",1,TRUE,208.756999999983
"63","Y~Z",0.511879148065177,0.0723697102522924,0.5,"MC-OrdPLSc-Median",7165,6761950,300,"Symmetric","5",1,TRUE,208.756999999983
"64","Y~X:Z",0.261534664401671,0.11494751489784,0.3,"MC-OrdPLSc-Median",7165,6761950,300,"Symmetric","5",1,TRUE,208.756999999983
"65","X~~Z",0.198013708745211,0.0870662550061473,0.2,"MC-OrdPLSc-Median",7165,6761950,300,"Symmetric","5",1,TRUE,208.756999999983
"66","X=~x1",0.424541295182637,0.037116690024269,0.4,"MC-OrdPLSc-Median",7166,3797960,1000,"Symmetric","5",1,TRUE,82.3540000000212
"67","X=~x2",0.789169389829508,0.037332408542687,0.8,"MC-OrdPLSc-Median",7166,3797960,1000,"Symmetric","5",1,TRUE,82.3540000000212
"68","X=~x3",0.792395627443807,0.0335988631345337,0.8,"MC-OrdPLSc-Median",7166,3797960,1000,"Symmetric","5",1,TRUE,82.3540000000212
"69","Z=~z1",0.650482157547093,0.0258677427424033,0.6,"MC-OrdPLSc-Median",7166,3797960,1000,"Symmetric","5",1,TRUE,82.3540000000212
"70","Z=~z2",0.577954645402348,0.0336414036056547,0.6,"MC-OrdPLSc-Median",7166,3797960,1000,"Symmetric","5",1,TRUE,82.3540000000212
"71","Z=~z3",0.798355283969773,0.0239408127055645,0.8,"MC-OrdPLSc-Median",7166,3797960,1000,"Symmetric","5",1,TRUE,82.3540000000212
"72","Y=~y1",0.430989196374665,0.0460855250088964,0.4,"MC-OrdPLSc-Median",7166,3797960,1000,"Symmetric","5",1,TRUE,82.3540000000212
"73","Y=~y2",0.689860058961612,0.0260111621800857,0.7,"MC-OrdPLSc-Median",7166,3797960,1000,"Symmetric","5",1,TRUE,82.3540000000212
"74","Y=~y3",0.873416339383082,0.0279392104450495,0.9,"MC-OrdPLSc-Median",7166,3797960,1000,"Symmetric","5",1,TRUE,82.3540000000212
"75","Y~X",0.378225175373654,0.0385210329339583,0.4,"MC-OrdPLSc-Median",7166,3797960,1000,"Symmetric","5",1,TRUE,82.3540000000212
"76","Y~Z",0.582813314027979,0.0364894315064043,0.5,"MC-OrdPLSc-Median",7166,3797960,1000,"Symmetric","5",1,TRUE,82.3540000000212
"77","Y~X:Z",0.368216275153121,0.0500054714886539,0.3,"MC-OrdPLSc-Median",7166,3797960,1000,"Symmetric","5",1,TRUE,82.3540000000212
"78","X~~Z",0.185203932194302,0.0358907156599656,0.2,"MC-OrdPLSc-Median",7166,3797960,1000,"Symmetric","5",1,TRUE,82.3540000000212
"79","X=~x1",0.478209331742373,0.0743980645819972,0.4,"MC-OrdPLSc-Median",7167,9984973,300,"Symmetric","7",1,TRUE,310.717000000004
"80","X=~x2",0.781964163469176,0.0443386074928941,0.8,"MC-OrdPLSc-Median",7167,9984973,300,"Symmetric","7",1,TRUE,310.717000000004
"81","X=~x3",0.799577143891666,0.0615597674599335,0.8,"MC-OrdPLSc-Median",7167,9984973,300,"Symmetric","7",1,TRUE,310.717000000004
"82","Z=~z1",0.541017800710701,0.0545510098441009,0.6,"MC-OrdPLSc-Median",7167,9984973,300,"Symmetric","7",1,TRUE,310.717000000004
"83","Z=~z2",0.590675489187048,0.0565338982490952,0.6,"MC-OrdPLSc-Median",7167,9984973,300,"Symmetric","7",1,TRUE,310.717000000004
"84","Z=~z3",0.864965560757913,0.058116611088992,0.8,"MC-OrdPLSc-Median",7167,9984973,300,"Symmetric","7",1,TRUE,310.717000000004
"85","Y=~y1",0.415263180838904,0.0804980349985953,0.4,"MC-OrdPLSc-Median",7167,9984973,300,"Symmetric","7",1,TRUE,310.717000000004
"86","Y=~y2",0.752985895621263,0.0473680769776191,0.7,"MC-OrdPLSc-Median",7167,9984973,300,"Symmetric","7",1,TRUE,310.717000000004
"87","Y=~y3",0.875797398306142,0.0370185726528193,0.9,"MC-OrdPLSc-Median",7167,9984973,300,"Symmetric","7",1,TRUE,310.717000000004
"88","Y~X",0.432443604467561,0.0698275218353343,0.4,"MC-OrdPLSc-Median",7167,9984973,300,"Symmetric","7",1,TRUE,310.717000000004
"89","Y~Z",0.494942437499177,0.0761682820129555,0.5,"MC-OrdPLSc-Median",7167,9984973,300,"Symmetric","7",1,TRUE,310.717000000004
"90","Y~X:Z",0.288016104089265,0.0577018856143707,0.3,"MC-OrdPLSc-Median",7167,9984973,300,"Symmetric","7",1,TRUE,310.717000000004
"91","X~~Z",0.216484213330433,0.0816059842573857,0.2,"MC-OrdPLSc-Median",7167,9984973,300,"Symmetric","7",1,TRUE,310.717000000004
"92","X=~x1",0.432347457354213,0.0385864979239176,0.4,"MC-OrdPLSc-Median",7168,9339810,1000,"Symmetric","7",1,TRUE,110.698000000004
"93","X=~x2",0.770080646486042,0.0315082772440481,0.8,"MC-OrdPLSc-Median",7168,9339810,1000,"Symmetric","7",1,TRUE,110.698000000004
"94","X=~x3",0.840846618829953,0.0307948901204309,0.8,"MC-OrdPLSc-Median",7168,9339810,1000,"Symmetric","7",1,TRUE,110.698000000004
"95","Z=~z1",0.620716231526028,0.0322080260689658,0.6,"MC-OrdPLSc-Median",7168,9339810,1000,"Symmetric","7",1,TRUE,110.698000000004
"96","Z=~z2",0.593831906837443,0.0354443794873033,0.6,"MC-OrdPLSc-Median",7168,9339810,1000,"Symmetric","7",1,TRUE,110.698000000004
"97","Z=~z3",0.792666953220754,0.0311672840970023,0.8,"MC-OrdPLSc-Median",7168,9339810,1000,"Symmetric","7",1,TRUE,110.698000000004
"98","Y=~y1",0.376156340554812,0.0309199975675284,0.4,"MC-OrdPLSc-Median",7168,9339810,1000,"Symmetric","7",1,TRUE,110.698000000004
"99","Y=~y2",0.662908808870939,0.0289404005152925,0.7,"MC-OrdPLSc-Median",7168,9339810,1000,"Symmetric","7",1,TRUE,110.698000000004
"100","Y=~y3",0.9424094368735,0.030996573936025,0.9,"MC-OrdPLSc-Median",7168,9339810,1000,"Symmetric","7",1,TRUE,110.698000000004
"101","Y~X",0.39875658653537,0.0360293493713449,0.4,"MC-OrdPLSc-Median",7168,9339810,1000,"Symmetric","7",1,TRUE,110.698000000004
"102","Y~Z",0.507666720134777,0.0372540852245672,0.5,"MC-OrdPLSc-Median",7168,9339810,1000,"Symmetric","7",1,TRUE,110.698000000004
"103","Y~X:Z",0.267489373090387,0.0413686236681256,0.3,"MC-OrdPLSc-Median",7168,9339810,1000,"Symmetric","7",1,TRUE,110.698000000004
"104","X~~Z",0.155764058574838,0.0390968450625542,0.2,"MC-OrdPLSc-Median",7168,9339810,1000,"Symmetric","7",1,TRUE,110.698000000004
"105","X=~x1",0.201539160994581,0.155278351987336,0.4,"MC-OrdPLSc-Median",7169,8864784,300,"Moderate","2",1,TRUE,112.677000000025
"106","X=~x2",0.548496196950724,0.145844582960042,0.8,"MC-OrdPLSc-Median",7169,8864784,300,"Moderate","2",1,TRUE,112.677000000025
"107","X=~x3",0.999,0.140354302094674,0.8,"MC-OrdPLSc-Median",7169,8864784,300,"Moderate","2",1,TRUE,112.677000000025
"108","Z=~z1",0.798387100290617,0.0669752881417194,0.6,"MC-OrdPLSc-Median",7169,8864784,300,"Moderate","2",1,TRUE,112.677000000025
"109","Z=~z2",0.600866334129284,0.0886260023177574,0.6,"MC-OrdPLSc-Median",7169,8864784,300,"Moderate","2",1,TRUE,112.677000000025
"110","Z=~z3",0.773943449401472,0.0923856853199636,0.8,"MC-OrdPLSc-Median",7169,8864784,300,"Moderate","2",1,TRUE,112.677000000025
"111","Y=~y1",0.332294448896929,0.0856853419491911,0.4,"MC-OrdPLSc-Median",7169,8864784,300,"Moderate","2",1,TRUE,112.677000000025
"112","Y=~y2",0.812799821606665,0.0519818267914793,0.7,"MC-OrdPLSc-Median",7169,8864784,300,"Moderate","2",1,TRUE,112.677000000025
"113","Y=~y3",0.900756797298109,0.136566604093007,0.9,"MC-OrdPLSc-Median",7169,8864784,300,"Moderate","2",1,TRUE,112.677000000025
"114","Y~X",0.373422682648637,0.1375959665819,0.4,"MC-OrdPLSc-Median",7169,8864784,300,"Moderate","2",1,TRUE,112.677000000025
"115","Y~Z",0.551517844432848,0.126172848578394,0.5,"MC-OrdPLSc-Median",7169,8864784,300,"Moderate","2",1,TRUE,112.677000000025
"116","Y~X:Z",0.143266037359264,0.214892016765637,0.3,"MC-OrdPLSc-Median",7169,8864784,300,"Moderate","2",1,TRUE,112.677000000025
"117","X~~Z",0.228040356431131,0.122962886357457,0.2,"MC-OrdPLSc-Median",7169,8864784,300,"Moderate","2",1,TRUE,112.677000000025
"118","X=~x1",0.351964618576289,0.0735917710956344,0.4,"MC-OrdPLSc-Median",7170,1562746,1000,"Moderate","2",1,TRUE,54.9530000000086
"119","X=~x2",0.775935491390016,0.0828795421823177,0.8,"MC-OrdPLSc-Median",7170,1562746,1000,"Moderate","2",1,TRUE,54.9530000000086
"120","X=~x3",0.811628712009732,0.0346691655808339,0.8,"MC-OrdPLSc-Median",7170,1562746,1000,"Moderate","2",1,TRUE,54.9530000000086
"121","Z=~z1",0.60535021202324,0.0612738466282557,0.6,"MC-OrdPLSc-Median",7170,1562746,1000,"Moderate","2",1,TRUE,54.9530000000086
"122","Z=~z2",0.616056151921259,0.0602014860485097,0.6,"MC-OrdPLSc-Median",7170,1562746,1000,"Moderate","2",1,TRUE,54.9530000000086
"123","Z=~z3",0.791931818785792,0.0678375999800327,0.8,"MC-OrdPLSc-Median",7170,1562746,1000,"Moderate","2",1,TRUE,54.9530000000086
"124","Y=~y1",0.321817438945834,0.0594799145914763,0.4,"MC-OrdPLSc-Median",7170,1562746,1000,"Moderate","2",1,TRUE,54.9530000000086
"125","Y=~y2",0.685189329542394,0.0520705593618517,0.7,"MC-OrdPLSc-Median",7170,1562746,1000,"Moderate","2",1,TRUE,54.9530000000086
"126","Y=~y3",0.993202259496858,0.075563152831162,0.9,"MC-OrdPLSc-Median",7170,1562746,1000,"Moderate","2",1,TRUE,54.9530000000086
"127","Y~X",0.322510666328093,0.0556316063936756,0.4,"MC-OrdPLSc-Median",7170,1562746,1000,"Moderate","2",1,TRUE,54.9530000000086
"128","Y~Z",0.447498744841513,0.0623872920057182,0.5,"MC-OrdPLSc-Median",7170,1562746,1000,"Moderate","2",1,TRUE,54.9530000000086
"129","Y~X:Z",0.420140565397511,0.10335174992851,0.3,"MC-OrdPLSc-Median",7170,1562746,1000,"Moderate","2",1,TRUE,54.9530000000086
"130","X~~Z",0.264210712492621,0.0520211626527368,0.2,"MC-OrdPLSc-Median",7170,1562746,1000,"Moderate","2",1,TRUE,54.9530000000086
"131","X=~x1",0.47476713426277,0.0767769601909408,0.4,"MC-OrdPLSc-Median",7171,9518271,300,"Moderate","3",1,TRUE,149.604999999981
"132","X=~x2",0.879352218710058,0.150190325339527,0.8,"MC-OrdPLSc-Median",7171,9518271,300,"Moderate","3",1,TRUE,149.604999999981
"133","X=~x3",0.711221292688534,0.0656916899061893,0.8,"MC-OrdPLSc-Median",7171,9518271,300,"Moderate","3",1,TRUE,149.604999999981
"134","Z=~z1",0.69605657157378,0.0427641133540383,0.6,"MC-OrdPLSc-Median",7171,9518271,300,"Moderate","3",1,TRUE,149.604999999981
"135","Z=~z2",0.617063218680537,0.0710370968019857,0.6,"MC-OrdPLSc-Median",7171,9518271,300,"Moderate","3",1,TRUE,149.604999999981
"136","Z=~z3",0.815806051256357,0.0502687428303088,0.8,"MC-OrdPLSc-Median",7171,9518271,300,"Moderate","3",1,TRUE,149.604999999981
"137","Y=~y1",0.280759711407378,0.0761498926644555,0.4,"MC-OrdPLSc-Median",7171,9518271,300,"Moderate","3",1,TRUE,149.604999999981
"138","Y=~y2",0.732804784137721,0.0829983111908385,0.7,"MC-OrdPLSc-Median",7171,9518271,300,"Moderate","3",1,TRUE,149.604999999981
"139","Y=~y3",0.902454596012782,0.0644269385411852,0.9,"MC-OrdPLSc-Median",7171,9518271,300,"Moderate","3",1,TRUE,149.604999999981
"140","Y~X",0.292552797688043,0.101927865934149,0.4,"MC-OrdPLSc-Median",7171,9518271,300,"Moderate","3",1,TRUE,149.604999999981
"141","Y~Z",0.643679369123717,0.044256255634588,0.5,"MC-OrdPLSc-Median",7171,9518271,300,"Moderate","3",1,TRUE,149.604999999981
"142","Y~X:Z",0.218669574163702,0.073610452075052,0.3,"MC-OrdPLSc-Median",7171,9518271,300,"Moderate","3",1,TRUE,149.604999999981
"143","X~~Z",0.142503195063156,0.107765288970466,0.2,"MC-OrdPLSc-Median",7171,9518271,300,"Moderate","3",1,TRUE,149.604999999981
"144","X=~x1",0.444718555998949,0.0498329525553807,0.4,"MC-OrdPLSc-Median",7172,1753799,1000,"Moderate","3",1,TRUE,53.4880000000121
"145","X=~x2",0.859495233288388,0.0599742069002757,0.8,"MC-OrdPLSc-Median",7172,1753799,1000,"Moderate","3",1,TRUE,53.4880000000121
"146","X=~x3",0.740753437942499,0.0460638881529815,0.8,"MC-OrdPLSc-Median",7172,1753799,1000,"Moderate","3",1,TRUE,53.4880000000121
"147","Z=~z1",0.580973500539349,0.0322795351638908,0.6,"MC-OrdPLSc-Median",7172,1753799,1000,"Moderate","3",1,TRUE,53.4880000000121
"148","Z=~z2",0.560748318787725,0.0363825251456206,0.6,"MC-OrdPLSc-Median",7172,1753799,1000,"Moderate","3",1,TRUE,53.4880000000121
"149","Z=~z3",0.850466977353721,0.0284428757672249,0.8,"MC-OrdPLSc-Median",7172,1753799,1000,"Moderate","3",1,TRUE,53.4880000000121
"150","Y=~y1",0.448963301849914,0.0347959634948855,0.4,"MC-OrdPLSc-Median",7172,1753799,1000,"Moderate","3",1,TRUE,53.4880000000121
"151","Y=~y2",0.741975440998051,0.0297944275616248,0.7,"MC-OrdPLSc-Median",7172,1753799,1000,"Moderate","3",1,TRUE,53.4880000000121
"152","Y=~y3",0.876670664897427,0.0263783415754157,0.9,"MC-OrdPLSc-Median",7172,1753799,1000,"Moderate","3",1,TRUE,53.4880000000121
"153","Y~X",0.383127555256596,0.0387268488139983,0.4,"MC-OrdPLSc-Median",7172,1753799,1000,"Moderate","3",1,TRUE,53.4880000000121
"154","Y~Z",0.504504007974358,0.0494470759955002,0.5,"MC-OrdPLSc-Median",7172,1753799,1000,"Moderate","3",1,TRUE,53.4880000000121
"155","Y~X:Z",0.231114060428783,0.0400918433566122,0.3,"MC-OrdPLSc-Median",7172,1753799,1000,"Moderate","3",1,TRUE,53.4880000000121
"156","X~~Z",0.187753567214049,0.0448344732296344,0.2,"MC-OrdPLSc-Median",7172,1753799,1000,"Moderate","3",1,TRUE,53.4880000000121
"157","X=~x1",0.411640158940774,0.0973425340585283,0.4,"MC-OrdPLSc-Median",7173,752057,300,"Moderate","5",1,TRUE,222.17200000002
"158","X=~x2",0.838246381173274,0.0600557695738534,0.8,"MC-OrdPLSc-Median",7173,752057,300,"Moderate","5",1,TRUE,222.17200000002
"159","X=~x3",0.684250634515207,0.0983090083389547,0.8,"MC-OrdPLSc-Median",7173,752057,300,"Moderate","5",1,TRUE,222.17200000002
"160","Z=~z1",0.627189399906121,0.054695134425367,0.6,"MC-OrdPLSc-Median",7173,752057,300,"Moderate","5",1,TRUE,222.17200000002
"161","Z=~z2",0.571274361637062,0.0844166171154608,0.6,"MC-OrdPLSc-Median",7173,752057,300,"Moderate","5",1,TRUE,222.17200000002
"162","Z=~z3",0.801548624277301,0.048186106946338,0.8,"MC-OrdPLSc-Median",7173,752057,300,"Moderate","5",1,TRUE,222.17200000002
"163","Y=~y1",0.450157659952468,0.0699735813038397,0.4,"MC-OrdPLSc-Median",7173,752057,300,"Moderate","5",1,TRUE,222.17200000002
"164","Y=~y2",0.71147282731822,0.0418981874744795,0.7,"MC-OrdPLSc-Median",7173,752057,300,"Moderate","5",1,TRUE,222.17200000002
"165","Y=~y3",0.813422958359429,0.0566489651660073,0.9,"MC-OrdPLSc-Median",7173,752057,300,"Moderate","5",1,TRUE,222.17200000002
"166","Y~X",0.447452382522635,0.0915457610499538,0.4,"MC-OrdPLSc-Median",7173,752057,300,"Moderate","5",1,TRUE,222.17200000002
"167","Y~Z",0.587638624750608,0.0781468964749337,0.5,"MC-OrdPLSc-Median",7173,752057,300,"Moderate","5",1,TRUE,222.17200000002
"168","Y~X:Z",0.301674920882753,0.131523734627822,0.3,"MC-OrdPLSc-Median",7173,752057,300,"Moderate","5",1,TRUE,222.17200000002
"169","X~~Z",0.123343413398905,0.0675082528175567,0.2,"MC-OrdPLSc-Median",7173,752057,300,"Moderate","5",1,TRUE,222.17200000002
"170","X=~x1",0.387327189211043,0.0428075322321817,0.4,"MC-OrdPLSc-Median",7174,9465108,1000,"Moderate","5",1,TRUE,77.877999999997
"171","X=~x2",0.816535143679975,0.0280959221846285,0.8,"MC-OrdPLSc-Median",7174,9465108,1000,"Moderate","5",1,TRUE,77.877999999997
"172","X=~x3",0.781016166922245,0.0328273691313314,0.8,"MC-OrdPLSc-Median",7174,9465108,1000,"Moderate","5",1,TRUE,77.877999999997
"173","Z=~z1",0.565563549258467,0.0365363681297232,0.6,"MC-OrdPLSc-Median",7174,9465108,1000,"Moderate","5",1,TRUE,77.877999999997
"174","Z=~z2",0.582368421247718,0.0433915466212806,0.6,"MC-OrdPLSc-Median",7174,9465108,1000,"Moderate","5",1,TRUE,77.877999999997
"175","Z=~z3",0.77530746420153,0.0346164188664933,0.8,"MC-OrdPLSc-Median",7174,9465108,1000,"Moderate","5",1,TRUE,77.877999999997
"176","Y=~y1",0.391140439341036,0.0384184281308799,0.4,"MC-OrdPLSc-Median",7174,9465108,1000,"Moderate","5",1,TRUE,77.877999999997
"177","Y=~y2",0.704425280716136,0.0276870421371716,0.7,"MC-OrdPLSc-Median",7174,9465108,1000,"Moderate","5",1,TRUE,77.877999999997
"178","Y=~y3",0.904049653108269,0.0295578658457885,0.9,"MC-OrdPLSc-Median",7174,9465108,1000,"Moderate","5",1,TRUE,77.877999999997
"179","Y~X",0.35738148164178,0.0505523851325488,0.4,"MC-OrdPLSc-Median",7174,9465108,1000,"Moderate","5",1,TRUE,77.877999999997
"180","Y~Z",0.505764806614593,0.0468449707270674,0.5,"MC-OrdPLSc-Median",7174,9465108,1000,"Moderate","5",1,TRUE,77.877999999997
"181","Y~X:Z",0.253693620071519,0.0773451471379951,0.3,"MC-OrdPLSc-Median",7174,9465108,1000,"Moderate","5",1,TRUE,77.877999999997
"182","X~~Z",0.220879903975422,0.0480598799467683,0.2,"MC-OrdPLSc-Median",7174,9465108,1000,"Moderate","5",1,TRUE,77.877999999997
"183","X=~x1",0.346570527559279,0.130076279085688,0.4,"MC-OrdPLSc-Median",7175,7299518,300,"Moderate","7",1,TRUE,302.279999999999
"184","X=~x2",0.839422198587842,0.0415270064764595,0.8,"MC-OrdPLSc-Median",7175,7299518,300,"Moderate","7",1,TRUE,302.279999999999
"185","X=~x3",0.818781400136872,0.041210572340311,0.8,"MC-OrdPLSc-Median",7175,7299518,300,"Moderate","7",1,TRUE,302.279999999999
"186","Z=~z1",0.591075153604432,0.0832268728211411,0.6,"MC-OrdPLSc-Median",7175,7299518,300,"Moderate","7",1,TRUE,302.279999999999
"187","Z=~z2",0.637450667061454,0.0575812979118247,0.6,"MC-OrdPLSc-Median",7175,7299518,300,"Moderate","7",1,TRUE,302.279999999999
"188","Z=~z3",0.868869889008543,0.0695508514468751,0.8,"MC-OrdPLSc-Median",7175,7299518,300,"Moderate","7",1,TRUE,302.279999999999
"189","Y=~y1",0.452166178226323,0.0544804374153999,0.4,"MC-OrdPLSc-Median",7175,7299518,300,"Moderate","7",1,TRUE,302.279999999999
"190","Y=~y2",0.660420767270594,0.0749737077969095,0.7,"MC-OrdPLSc-Median",7175,7299518,300,"Moderate","7",1,TRUE,302.279999999999
"191","Y=~y3",0.955889103887624,0.0479458252795885,0.9,"MC-OrdPLSc-Median",7175,7299518,300,"Moderate","7",1,TRUE,302.279999999999
"192","Y~X",0.442336127740046,0.0600439336067669,0.4,"MC-OrdPLSc-Median",7175,7299518,300,"Moderate","7",1,TRUE,302.279999999999
"193","Y~Z",0.368967696232317,0.066834645939858,0.5,"MC-OrdPLSc-Median",7175,7299518,300,"Moderate","7",1,TRUE,302.279999999999
"194","Y~X:Z",0.339012474614742,0.0804348798534926,0.3,"MC-OrdPLSc-Median",7175,7299518,300,"Moderate","7",1,TRUE,302.279999999999
"195","X~~Z",0.131015583325859,0.0679171879294387,0.2,"MC-OrdPLSc-Median",7175,7299518,300,"Moderate","7",1,TRUE,302.279999999999
"196","X=~x1",0.370502167308835,0.0366416452714942,0.4,"MC-OrdPLSc-Median",7176,3727873,1000,"Moderate","7",1,TRUE,106.431000000011
"197","X=~x2",0.784899517331915,0.0306462859766355,0.8,"MC-OrdPLSc-Median",7176,3727873,1000,"Moderate","7",1,TRUE,106.431000000011
"198","X=~x3",0.804626813429744,0.0320870624695704,0.8,"MC-OrdPLSc-Median",7176,3727873,1000,"Moderate","7",1,TRUE,106.431000000011
"199","Z=~z1",0.545498471301002,0.0469143232895144,0.6,"MC-OrdPLSc-Median",7176,3727873,1000,"Moderate","7",1,TRUE,106.431000000011
"200","Z=~z2",0.630891128162752,0.0274100561259348,0.6,"MC-OrdPLSc-Median",7176,3727873,1000,"Moderate","7",1,TRUE,106.431000000011
"201","Z=~z3",0.780033340101033,0.0304508904102844,0.8,"MC-OrdPLSc-Median",7176,3727873,1000,"Moderate","7",1,TRUE,106.431000000011
"202","Y=~y1",0.40444892703201,0.0297390762696415,0.4,"MC-OrdPLSc-Median",7176,3727873,1000,"Moderate","7",1,TRUE,106.431000000011
"203","Y=~y2",0.697560444214943,0.0271711449043507,0.7,"MC-OrdPLSc-Median",7176,3727873,1000,"Moderate","7",1,TRUE,106.431000000011
"204","Y=~y3",0.850965971090937,0.0223687038607232,0.9,"MC-OrdPLSc-Median",7176,3727873,1000,"Moderate","7",1,TRUE,106.431000000011
"205","Y~X",0.405203070253621,0.0371629509469423,0.4,"MC-OrdPLSc-Median",7176,3727873,1000,"Moderate","7",1,TRUE,106.431000000011
"206","Y~Z",0.527287997295685,0.0434739303189732,0.5,"MC-OrdPLSc-Median",7176,3727873,1000,"Moderate","7",1,TRUE,106.431000000011
"207","Y~X:Z",0.274811233997534,0.0564458645804471,0.3,"MC-OrdPLSc-Median",7176,3727873,1000,"Moderate","7",1,TRUE,106.431000000011
"208","X~~Z",0.195298433826775,0.0461846719485367,0.2,"MC-OrdPLSc-Median",7176,3727873,1000,"Moderate","7",1,TRUE,106.431000000011
"209","X=~x1",0.163698013727665,0.287947576766574,0.4,"MC-OrdPLSc-Median",7177,5005100,300,"Extreme","2",1,TRUE,169.397999999986
"210","X=~x2",0.795669955021895,0.170951267862453,0.8,"MC-OrdPLSc-Median",7177,5005100,300,"Extreme","2",1,TRUE,169.397999999986
"211","X=~x3",0.888088893870457,0.497198025385642,0.8,"MC-OrdPLSc-Median",7177,5005100,300,"Extreme","2",1,TRUE,169.397999999986
"212","Z=~z1",0.592291898125574,0.185805238602686,0.6,"MC-OrdPLSc-Median",7177,5005100,300,"Extreme","2",1,TRUE,169.397999999986
"213","Z=~z2",0.40413818511802,0.267949388299664,0.6,"MC-OrdPLSc-Median",7177,5005100,300,"Extreme","2",1,TRUE,169.397999999986
"214","Z=~z3",0.98359086259555,0.284394887463533,0.8,"MC-OrdPLSc-Median",7177,5005100,300,"Extreme","2",1,TRUE,169.397999999986
"215","Y=~y1",0.315237689538777,0.0992066446814596,0.4,"MC-OrdPLSc-Median",7177,5005100,300,"Extreme","2",1,TRUE,169.397999999986
"216","Y=~y2",0.69147864766642,0.276097728970669,0.7,"MC-OrdPLSc-Median",7177,5005100,300,"Extreme","2",1,TRUE,169.397999999986
"217","Y=~y3",0.943260700859661,0.231951804185521,0.9,"MC-OrdPLSc-Median",7177,5005100,300,"Extreme","2",1,TRUE,169.397999999986
"218","Y~X",0.39276004455697,0.367733715870485,0.4,"MC-OrdPLSc-Median",7177,5005100,300,"Extreme","2",1,TRUE,169.397999999986
"219","Y~Z",0.434565608118934,0.441471668990654,0.5,"MC-OrdPLSc-Median",7177,5005100,300,"Extreme","2",1,TRUE,169.397999999986
"220","Y~X:Z",0.463547889424838,1.39360024744607,0.3,"MC-OrdPLSc-Median",7177,5005100,300,"Extreme","2",1,TRUE,169.397999999986
"221","X~~Z",0.181066191704694,0.19849396821653,0.2,"MC-OrdPLSc-Median",7177,5005100,300,"Extreme","2",1,TRUE,169.397999999986
"222","X=~x1",0.33792913343267,0.108083594832382,0.4,"MC-OrdPLSc-Median",7178,7155160,1000,"Extreme","2",1,TRUE,43.1669999999867
"223","X=~x2",0.81716764718132,0.0471899608523873,0.8,"MC-OrdPLSc-Median",7178,7155160,1000,"Extreme","2",1,TRUE,43.1669999999867
"224","X=~x3",0.817385474143598,0.0473602715115214,0.8,"MC-OrdPLSc-Median",7178,7155160,1000,"Extreme","2",1,TRUE,43.1669999999867
"225","Z=~z1",0.46076691782734,0.0839396932723235,0.6,"MC-OrdPLSc-Median",7178,7155160,1000,"Extreme","2",1,TRUE,43.1669999999867
"226","Z=~z2",0.678261489479375,0.0977332771046897,0.6,"MC-OrdPLSc-Median",7178,7155160,1000,"Extreme","2",1,TRUE,43.1669999999867
"227","Z=~z3",0.70695036138883,0.0889341192391821,0.8,"MC-OrdPLSc-Median",7178,7155160,1000,"Extreme","2",1,TRUE,43.1669999999867
"228","Y=~y1",0.437096576222755,0.0472064064411454,0.4,"MC-OrdPLSc-Median",7178,7155160,1000,"Extreme","2",1,TRUE,43.1669999999867
"229","Y=~y2",0.723459106695536,0.105409055002546,0.7,"MC-OrdPLSc-Median",7178,7155160,1000,"Extreme","2",1,TRUE,43.1669999999867
"230","Y=~y3",0.894340279422162,0.0605960262194484,0.9,"MC-OrdPLSc-Median",7178,7155160,1000,"Extreme","2",1,TRUE,43.1669999999867
"231","Y~X",0.429999568295405,0.116294568212297,0.4,"MC-OrdPLSc-Median",7178,7155160,1000,"Extreme","2",1,TRUE,43.1669999999867
"232","Y~Z",0.642301822010804,0.171591262403016,0.5,"MC-OrdPLSc-Median",7178,7155160,1000,"Extreme","2",1,TRUE,43.1669999999867
"233","Y~X:Z",0.082082884461005,0.271750677008934,0.3,"MC-OrdPLSc-Median",7178,7155160,1000,"Extreme","2",1,TRUE,43.1669999999867
"234","X~~Z",0.228678616193986,0.0973534947190229,0.2,"MC-OrdPLSc-Median",7178,7155160,1000,"Extreme","2",1,TRUE,43.1669999999867
"235","X=~x1",0.42824570024891,0.107252074657764,0.4,"MC-OrdPLSc-Median",7179,5142964,300,"Extreme","3",1,TRUE,156.462
"236","X=~x2",0.947251548912456,0.127449928727517,0.8,"MC-OrdPLSc-Median",7179,5142964,300,"Extreme","3",1,TRUE,156.462
"237","X=~x3",0.738888226087066,0.104938366318809,0.8,"MC-OrdPLSc-Median",7179,5142964,300,"Extreme","3",1,TRUE,156.462
"238","Z=~z1",0.715199074205152,0.103969419967829,0.6,"MC-OrdPLSc-Median",7179,5142964,300,"Extreme","3",1,TRUE,156.462
"239","Z=~z2",0.635591236305588,0.135073825428388,0.6,"MC-OrdPLSc-Median",7179,5142964,300,"Extreme","3",1,TRUE,156.462
"240","Z=~z3",0.63957280584942,0.100457701731112,0.8,"MC-OrdPLSc-Median",7179,5142964,300,"Extreme","3",1,TRUE,156.462
"241","Y=~y1",0.386082933333648,0.0811942245317911,0.4,"MC-OrdPLSc-Median",7179,5142964,300,"Extreme","3",1,TRUE,156.462
"242","Y=~y2",0.718268900514688,0.122988558784699,0.7,"MC-OrdPLSc-Median",7179,5142964,300,"Extreme","3",1,TRUE,156.462
"243","Y=~y3",0.84990019872563,0.074218929095921,0.9,"MC-OrdPLSc-Median",7179,5142964,300,"Extreme","3",1,TRUE,156.462
"244","Y~X",0.428114599011075,0.166952691638753,0.4,"MC-OrdPLSc-Median",7179,5142964,300,"Extreme","3",1,TRUE,156.462
"245","Y~Z",0.410912890237976,0.122018746839997,0.5,"MC-OrdPLSc-Median",7179,5142964,300,"Extreme","3",1,TRUE,156.462
"246","Y~X:Z",0.372180552421878,0.335529391691812,0.3,"MC-OrdPLSc-Median",7179,5142964,300,"Extreme","3",1,TRUE,156.462
"247","X~~Z",0.166416015733197,0.10769775569378,0.2,"MC-OrdPLSc-Median",7179,5142964,300,"Extreme","3",1,TRUE,156.462
"248","X=~x1",0.344947638649228,0.0791036305484908,0.4,"MC-OrdPLSc-Median",7180,356026,1000,"Extreme","3",1,TRUE,62.6270000000077
"249","X=~x2",0.775496737364543,0.0540880259094523,0.8,"MC-OrdPLSc-Median",7180,356026,1000,"Extreme","3",1,TRUE,62.6270000000077
"250","X=~x3",0.811128335742383,0.0583465652918602,0.8,"MC-OrdPLSc-Median",7180,356026,1000,"Extreme","3",1,TRUE,62.6270000000077
"251","Z=~z1",0.602130544342667,0.0460135917709201,0.6,"MC-OrdPLSc-Median",7180,356026,1000,"Extreme","3",1,TRUE,62.6270000000077
"252","Z=~z2",0.636568714107826,0.0454879366658914,0.6,"MC-OrdPLSc-Median",7180,356026,1000,"Extreme","3",1,TRUE,62.6270000000077
"253","Z=~z3",0.834840849399229,0.0606856699875279,0.8,"MC-OrdPLSc-Median",7180,356026,1000,"Extreme","3",1,TRUE,62.6270000000077
"254","Y=~y1",0.375339634638376,0.0513608444546913,0.4,"MC-OrdPLSc-Median",7180,356026,1000,"Extreme","3",1,TRUE,62.6270000000077
"255","Y=~y2",0.668140244456623,0.04408026837822,0.7,"MC-OrdPLSc-Median",7180,356026,1000,"Extreme","3",1,TRUE,62.6270000000077
"256","Y=~y3",0.903490924556233,0.0612998517932525,0.9,"MC-OrdPLSc-Median",7180,356026,1000,"Extreme","3",1,TRUE,62.6270000000077
"257","Y~X",0.388375964986043,0.0837731790990928,0.4,"MC-OrdPLSc-Median",7180,356026,1000,"Extreme","3",1,TRUE,62.6270000000077
"258","Y~Z",0.399753688621176,0.081748883097237,0.5,"MC-OrdPLSc-Median",7180,356026,1000,"Extreme","3",1,TRUE,62.6270000000077
"259","Y~X:Z",0.392860111209014,0.220663046414554,0.3,"MC-OrdPLSc-Median",7180,356026,1000,"Extreme","3",1,TRUE,62.6270000000077
"260","X~~Z",0.253974480899496,0.0566144794976421,0.2,"MC-OrdPLSc-Median",7180,356026,1000,"Extreme","3",1,TRUE,62.6270000000077
"261","X=~x1",0.492523209470702,0.0678058838209698,0.4,"MC-OrdPLSc-Median",7181,8030724,300,"Extreme","5",1,TRUE,221.687999999995
"262","X=~x2",0.824592924714402,0.0611789962000972,0.8,"MC-OrdPLSc-Median",7181,8030724,300,"Extreme","5",1,TRUE,221.687999999995
"263","X=~x3",0.853587369747306,0.0650736287943752,0.8,"MC-OrdPLSc-Median",7181,8030724,300,"Extreme","5",1,TRUE,221.687999999995
"264","Z=~z1",0.613674105967756,0.0971626767810003,0.6,"MC-OrdPLSc-Median",7181,8030724,300,"Extreme","5",1,TRUE,221.687999999995
"265","Z=~z2",0.412197258274697,0.100965963022036,0.6,"MC-OrdPLSc-Median",7181,8030724,300,"Extreme","5",1,TRUE,221.687999999995
"266","Z=~z3",0.928661224022649,0.0676316172398397,0.8,"MC-OrdPLSc-Median",7181,8030724,300,"Extreme","5",1,TRUE,221.687999999995
"267","Y=~y1",0.350514614547583,0.115388691545635,0.4,"MC-OrdPLSc-Median",7181,8030724,300,"Extreme","5",1,TRUE,221.687999999995
"268","Y=~y2",0.695160522617194,0.0745530094762497,0.7,"MC-OrdPLSc-Median",7181,8030724,300,"Extreme","5",1,TRUE,221.687999999995
"269","Y=~y3",0.950203339367217,0.0614519111833702,0.9,"MC-OrdPLSc-Median",7181,8030724,300,"Extreme","5",1,TRUE,221.687999999995
"270","Y~X",0.377377352993765,0.0819835325345646,0.4,"MC-OrdPLSc-Median",7181,8030724,300,"Extreme","5",1,TRUE,221.687999999995
"271","Y~Z",0.525537359912835,0.0813379013109417,0.5,"MC-OrdPLSc-Median",7181,8030724,300,"Extreme","5",1,TRUE,221.687999999995
"272","Y~X:Z",0.373644563685193,0.212733116931959,0.3,"MC-OrdPLSc-Median",7181,8030724,300,"Extreme","5",1,TRUE,221.687999999995
"273","X~~Z",0.168986803738328,0.0893086598196844,0.2,"MC-OrdPLSc-Median",7181,8030724,300,"Extreme","5",1,TRUE,221.687999999995
"274","X=~x1",0.391545705654748,0.0491109074700208,0.4,"MC-OrdPLSc-Median",7182,9528328,1000,"Extreme","5",1,TRUE,85.7520000000077
"275","X=~x2",0.829134310462954,0.036192765015054,0.8,"MC-OrdPLSc-Median",7182,9528328,1000,"Extreme","5",1,TRUE,85.7520000000077
"276","X=~x3",0.764039311808577,0.0369676329536916,0.8,"MC-OrdPLSc-Median",7182,9528328,1000,"Extreme","5",1,TRUE,85.7520000000077
"277","Z=~z1",0.632302785741894,0.0336666632661991,0.6,"MC-OrdPLSc-Median",7182,9528328,1000,"Extreme","5",1,TRUE,85.7520000000077
"278","Z=~z2",0.623294902316102,0.0362958768169715,0.6,"MC-OrdPLSc-Median",7182,9528328,1000,"Extreme","5",1,TRUE,85.7520000000077
"279","Z=~z3",0.756367157140494,0.0326532976101617,0.8,"MC-OrdPLSc-Median",7182,9528328,1000,"Extreme","5",1,TRUE,85.7520000000077
"280","Y=~y1",0.390250207874867,0.0470337475759757,0.4,"MC-OrdPLSc-Median",7182,9528328,1000,"Extreme","5",1,TRUE,85.7520000000077
"281","Y=~y2",0.655409417316939,0.0288662492311555,0.7,"MC-OrdPLSc-Median",7182,9528328,1000,"Extreme","5",1,TRUE,85.7520000000077
"282","Y=~y3",0.89499785527188,0.0490793246859686,0.9,"MC-OrdPLSc-Median",7182,9528328,1000,"Extreme","5",1,TRUE,85.7520000000077
"283","Y~X",0.361531920744087,0.0573335479510178,0.4,"MC-OrdPLSc-Median",7182,9528328,1000,"Extreme","5",1,TRUE,85.7520000000077
"284","Y~Z",0.58937575920991,0.0441283192426342,0.5,"MC-OrdPLSc-Median",7182,9528328,1000,"Extreme","5",1,TRUE,85.7520000000077
"285","Y~X:Z",0.363425330880451,0.128373582643147,0.3,"MC-OrdPLSc-Median",7182,9528328,1000,"Extreme","5",1,TRUE,85.7520000000077
"286","X~~Z",0.277490611969655,0.047249701125365,0.2,"MC-OrdPLSc-Median",7182,9528328,1000,"Extreme","5",1,TRUE,85.7520000000077
"287","X=~x1",0.387080124485013,0.0657522239151819,0.4,"MC-OrdPLSc-Median",7183,196744,300,"Extreme","7",1,TRUE,302.180999999982
"288","X=~x2",0.855321671767659,0.0479552743033159,0.8,"MC-OrdPLSc-Median",7183,196744,300,"Extreme","7",1,TRUE,302.180999999982
"289","X=~x3",0.806515142447754,0.0507536062195129,0.8,"MC-OrdPLSc-Median",7183,196744,300,"Extreme","7",1,TRUE,302.180999999982
"290","Z=~z1",0.610713809971047,0.0666588281530765,0.6,"MC-OrdPLSc-Median",7183,196744,300,"Extreme","7",1,TRUE,302.180999999982
"291","Z=~z2",0.551060347773772,0.0692865831287151,0.6,"MC-OrdPLSc-Median",7183,196744,300,"Extreme","7",1,TRUE,302.180999999982
"292","Z=~z3",0.89174511420163,0.0778034705324773,0.8,"MC-OrdPLSc-Median",7183,196744,300,"Extreme","7",1,TRUE,302.180999999982
"293","Y=~y1",0.422122698483864,0.0603730788696473,0.4,"MC-OrdPLSc-Median",7183,196744,300,"Extreme","7",1,TRUE,302.180999999982
"294","Y=~y2",0.709047066725209,0.0503893330360635,0.7,"MC-OrdPLSc-Median",7183,196744,300,"Extreme","7",1,TRUE,302.180999999982
"295","Y=~y3",0.925840088274557,0.0459067930096066,0.9,"MC-OrdPLSc-Median",7183,196744,300,"Extreme","7",1,TRUE,302.180999999982
"296","Y~X",0.463229204727902,0.0800905299328166,0.4,"MC-OrdPLSc-Median",7183,196744,300,"Extreme","7",1,TRUE,302.180999999982
"297","Y~Z",0.410387840183229,0.0856057520824685,0.5,"MC-OrdPLSc-Median",7183,196744,300,"Extreme","7",1,TRUE,302.180999999982
"298","Y~X:Z",0.318761912749543,0.114098511933849,0.3,"MC-OrdPLSc-Median",7183,196744,300,"Extreme","7",1,TRUE,302.180999999982
"299","X~~Z",0.203451503234348,0.0835378870324647,0.2,"MC-OrdPLSc-Median",7183,196744,300,"Extreme","7",1,TRUE,302.180999999982
"300","X=~x1",0.334107511249474,0.0388924382245176,0.4,"MC-OrdPLSc-Median",7184,9258060,1000,"Extreme","7",1,TRUE,109.918999999994
"301","X=~x2",0.784294017588177,0.0369052202068394,0.8,"MC-OrdPLSc-Median",7184,9258060,1000,"Extreme","7",1,TRUE,109.918999999994
"302","X=~x3",0.808620112965526,0.0340822604096001,0.8,"MC-OrdPLSc-Median",7184,9258060,1000,"Extreme","7",1,TRUE,109.918999999994
"303","Z=~z1",0.59573709668336,0.0394176277243987,0.6,"MC-OrdPLSc-Median",7184,9258060,1000,"Extreme","7",1,TRUE,109.918999999994
"304","Z=~z2",0.664475268646491,0.0396172452480512,0.6,"MC-OrdPLSc-Median",7184,9258060,1000,"Extreme","7",1,TRUE,109.918999999994
"305","Z=~z3",0.740631611707813,0.0354663285001774,0.8,"MC-OrdPLSc-Median",7184,9258060,1000,"Extreme","7",1,TRUE,109.918999999994
"306","Y=~y1",0.399171185159928,0.037148057845469,0.4,"MC-OrdPLSc-Median",7184,9258060,1000,"Extreme","7",1,TRUE,109.918999999994
"307","Y=~y2",0.658450670757237,0.0346171121331244,0.7,"MC-OrdPLSc-Median",7184,9258060,1000,"Extreme","7",1,TRUE,109.918999999994
"308","Y=~y3",0.920966364246529,0.0318546849495144,0.9,"MC-OrdPLSc-Median",7184,9258060,1000,"Extreme","7",1,TRUE,109.918999999994
"309","Y~X",0.381150597475747,0.0485394548395173,0.4,"MC-OrdPLSc-Median",7184,9258060,1000,"Extreme","7",1,TRUE,109.918999999994
"310","Y~Z",0.473339401440488,0.0415443142939981,0.5,"MC-OrdPLSc-Median",7184,9258060,1000,"Extreme","7",1,TRUE,109.918999999994
"311","Y~X:Z",0.25599861548115,0.0603134366100824,0.3,"MC-OrdPLSc-Median",7184,9258060,1000,"Extreme","7",1,TRUE,109.918999999994
"312","X~~Z",0.174371455304329,0.0508252669248473,0.2,"MC-OrdPLSc-Median",7184,9258060,1000,"Extreme","7",1,TRUE,109.918999999994
"313","X=~x1",0.321447442482664,0.167148603535696,0.4,"MC-OrdPLSc-Median",7185,3394229,300,"Alt.Mod","2",1,TRUE,115.27800000002
"314","X=~x2",0.678517203136264,0.144166733578136,0.8,"MC-OrdPLSc-Median",7185,3394229,300,"Alt.Mod","2",1,TRUE,115.27800000002
"315","X=~x3",0.950097205557897,0.230309291938478,0.8,"MC-OrdPLSc-Median",7185,3394229,300,"Alt.Mod","2",1,TRUE,115.27800000002
"316","Z=~z1",0.592396895241862,0.190549025161933,0.6,"MC-OrdPLSc-Median",7185,3394229,300,"Alt.Mod","2",1,TRUE,115.27800000002
"317","Z=~z2",0.603981314181195,0.144515950240686,0.6,"MC-OrdPLSc-Median",7185,3394229,300,"Alt.Mod","2",1,TRUE,115.27800000002
"318","Z=~z3",0.695614027660894,0.109804942444428,0.8,"MC-OrdPLSc-Median",7185,3394229,300,"Alt.Mod","2",1,TRUE,115.27800000002
"319","Y=~y1",0.304751266885849,0.248237233034174,0.4,"MC-OrdPLSc-Median",7185,3394229,300,"Alt.Mod","2",1,TRUE,115.27800000002
"320","Y=~y2",0.607369145351864,0.159730088858428,0.7,"MC-OrdPLSc-Median",7185,3394229,300,"Alt.Mod","2",1,TRUE,115.27800000002
"321","Y=~y3",0.88351498868176,0.228094954027302,0.9,"MC-OrdPLSc-Median",7185,3394229,300,"Alt.Mod","2",1,TRUE,115.27800000002
"322","Y~X",0.386042419362492,0.0987274893267272,0.4,"MC-OrdPLSc-Median",7185,3394229,300,"Alt.Mod","2",1,TRUE,115.27800000002
"323","Y~Z",0.539117736420505,0.162783384899011,0.5,"MC-OrdPLSc-Median",7185,3394229,300,"Alt.Mod","2",1,TRUE,115.27800000002
"324","Y~X:Z",0.336655048894152,0.225710267864749,0.3,"MC-OrdPLSc-Median",7185,3394229,300,"Alt.Mod","2",1,TRUE,115.27800000002
"325","X~~Z",0.205449217011961,0.127432556030226,0.2,"MC-OrdPLSc-Median",7185,3394229,300,"Alt.Mod","2",1,TRUE,115.27800000002
"326","X=~x1",0.380458141105578,0.110582019007564,0.4,"MC-OrdPLSc-Median",7186,8352996,1000,"Alt.Mod","2",1,TRUE,44.0480000000098
"327","X=~x2",0.776953159270907,0.180322290916887,0.8,"MC-OrdPLSc-Median",7186,8352996,1000,"Alt.Mod","2",1,TRUE,44.0480000000098
"328","X=~x3",0.78663715586225,0.050540962701123,0.8,"MC-OrdPLSc-Median",7186,8352996,1000,"Alt.Mod","2",1,TRUE,44.0480000000098
"329","Z=~z1",0.604972829861274,0.053630162033356,0.6,"MC-OrdPLSc-Median",7186,8352996,1000,"Alt.Mod","2",1,TRUE,44.0480000000098
"330","Z=~z2",0.657376855471388,0.0567074962373151,0.6,"MC-OrdPLSc-Median",7186,8352996,1000,"Alt.Mod","2",1,TRUE,44.0480000000098
"331","Z=~z3",0.829352237851754,0.0583605057501871,0.8,"MC-OrdPLSc-Median",7186,8352996,1000,"Alt.Mod","2",1,TRUE,44.0480000000098
"332","Y=~y1",0.454808997195782,0.0370915587648825,0.4,"MC-OrdPLSc-Median",7186,8352996,1000,"Alt.Mod","2",1,TRUE,44.0480000000098
"333","Y=~y2",0.699929171614401,0.0630189541171452,0.7,"MC-OrdPLSc-Median",7186,8352996,1000,"Alt.Mod","2",1,TRUE,44.0480000000098
"334","Y=~y3",0.911827296020643,0.056375317981382,0.9,"MC-OrdPLSc-Median",7186,8352996,1000,"Alt.Mod","2",1,TRUE,44.0480000000098
"335","Y~X",0.431493155849886,0.048909789684489,0.4,"MC-OrdPLSc-Median",7186,8352996,1000,"Alt.Mod","2",1,TRUE,44.0480000000098
"336","Y~Z",0.505824198547634,0.0594522971588384,0.5,"MC-OrdPLSc-Median",7186,8352996,1000,"Alt.Mod","2",1,TRUE,44.0480000000098
"337","Y~X:Z",0.284123016407198,0.0909625184035604,0.3,"MC-OrdPLSc-Median",7186,8352996,1000,"Alt.Mod","2",1,TRUE,44.0480000000098
"338","X~~Z",0.093344614261568,0.0785425662165236,0.2,"MC-OrdPLSc-Median",7186,8352996,1000,"Alt.Mod","2",1,TRUE,44.0480000000098
"339","X=~x1",0.386411881530605,0.0818955845705383,0.4,"MC-OrdPLSc-Median",7187,2605014,300,"Alt.Mod","3",1,TRUE,134.522999999986
"340","X=~x2",0.76743882610478,0.100247468556523,0.8,"MC-OrdPLSc-Median",7187,2605014,300,"Alt.Mod","3",1,TRUE,134.522999999986
"341","X=~x3",0.74526698268862,0.0765141750309885,0.8,"MC-OrdPLSc-Median",7187,2605014,300,"Alt.Mod","3",1,TRUE,134.522999999986
"342","Z=~z1",0.525029855280879,0.0965740177294683,0.6,"MC-OrdPLSc-Median",7187,2605014,300,"Alt.Mod","3",1,TRUE,134.522999999986
"343","Z=~z2",0.534410827088791,0.129908404815111,0.6,"MC-OrdPLSc-Median",7187,2605014,300,"Alt.Mod","3",1,TRUE,134.522999999986
"344","Z=~z3",0.799867646320387,0.0536129865303673,0.8,"MC-OrdPLSc-Median",7187,2605014,300,"Alt.Mod","3",1,TRUE,134.522999999986
"345","Y=~y1",0.293613373494589,0.0977295994177497,0.4,"MC-OrdPLSc-Median",7187,2605014,300,"Alt.Mod","3",1,TRUE,134.522999999986
"346","Y=~y2",0.688989833388516,0.0613331352524202,0.7,"MC-OrdPLSc-Median",7187,2605014,300,"Alt.Mod","3",1,TRUE,134.522999999986
"347","Y=~y3",0.830194316313803,0.0627117452843291,0.9,"MC-OrdPLSc-Median",7187,2605014,300,"Alt.Mod","3",1,TRUE,134.522999999986
"348","Y~X",0.455620855974269,0.0776736197302626,0.4,"MC-OrdPLSc-Median",7187,2605014,300,"Alt.Mod","3",1,TRUE,134.522999999986
"349","Y~Z",0.503517439291162,0.0841397831303639,0.5,"MC-OrdPLSc-Median",7187,2605014,300,"Alt.Mod","3",1,TRUE,134.522999999986
"350","Y~X:Z",0.179996920577993,0.133216929495682,0.3,"MC-OrdPLSc-Median",7187,2605014,300,"Alt.Mod","3",1,TRUE,134.522999999986
"351","X~~Z",0.234480669545962,0.0875700672118115,0.2,"MC-OrdPLSc-Median",7187,2605014,300,"Alt.Mod","3",1,TRUE,134.522999999986
"352","X=~x1",0.421549399923174,0.0411998444949094,0.4,"MC-OrdPLSc-Median",7188,1991864,1000,"Alt.Mod","3",1,TRUE,50.2699999999895
"353","X=~x2",0.801550942419341,0.05094100198727,0.8,"MC-OrdPLSc-Median",7188,1991864,1000,"Alt.Mod","3",1,TRUE,50.2699999999895
"354","X=~x3",0.757651884487115,0.0410051688532273,0.8,"MC-OrdPLSc-Median",7188,1991864,1000,"Alt.Mod","3",1,TRUE,50.2699999999895
"355","Z=~z1",0.640328062146586,0.0337949334718607,0.6,"MC-OrdPLSc-Median",7188,1991864,1000,"Alt.Mod","3",1,TRUE,50.2699999999895
"356","Z=~z2",0.660574800295636,0.0388745492849478,0.6,"MC-OrdPLSc-Median",7188,1991864,1000,"Alt.Mod","3",1,TRUE,50.2699999999895
"357","Z=~z3",0.728404368367162,0.0365967614185102,0.8,"MC-OrdPLSc-Median",7188,1991864,1000,"Alt.Mod","3",1,TRUE,50.2699999999895
"358","Y=~y1",0.394776623594007,0.0412932811581147,0.4,"MC-OrdPLSc-Median",7188,1991864,1000,"Alt.Mod","3",1,TRUE,50.2699999999895
"359","Y=~y2",0.677319189645392,0.0335209295294209,0.7,"MC-OrdPLSc-Median",7188,1991864,1000,"Alt.Mod","3",1,TRUE,50.2699999999895
"360","Y=~y3",0.971563664961492,0.048490949467085,0.9,"MC-OrdPLSc-Median",7188,1991864,1000,"Alt.Mod","3",1,TRUE,50.2699999999895
"361","Y~X",0.369764886857283,0.0402250807768316,0.4,"MC-OrdPLSc-Median",7188,1991864,1000,"Alt.Mod","3",1,TRUE,50.2699999999895
"362","Y~Z",0.559134497150446,0.0337255872464821,0.5,"MC-OrdPLSc-Median",7188,1991864,1000,"Alt.Mod","3",1,TRUE,50.2699999999895
"363","Y~X:Z",0.288981328465037,0.0516792567439606,0.3,"MC-OrdPLSc-Median",7188,1991864,1000,"Alt.Mod","3",1,TRUE,50.2699999999895
"364","X~~Z",0.235258201191111,0.0533009475119133,0.2,"MC-OrdPLSc-Median",7188,1991864,1000,"Alt.Mod","3",1,TRUE,50.2699999999895
"365","X=~x1",0.397892152333922,0.0802265784816273,0.4,"MC-OrdPLSc-Median",7189,252001,300,"Alt.Mod","5",1,TRUE,196.082999999984
"366","X=~x2",0.827167310364354,0.0762572312409727,0.8,"MC-OrdPLSc-Median",7189,252001,300,"Alt.Mod","5",1,TRUE,196.082999999984
"367","X=~x3",0.881372090690129,0.0804179459379677,0.8,"MC-OrdPLSc-Median",7189,252001,300,"Alt.Mod","5",1,TRUE,196.082999999984
"368","Z=~z1",0.653869532698474,0.0525112653239856,0.6,"MC-OrdPLSc-Median",7189,252001,300,"Alt.Mod","5",1,TRUE,196.082999999984
"369","Z=~z2",0.523243077310535,0.0881264871308556,0.6,"MC-OrdPLSc-Median",7189,252001,300,"Alt.Mod","5",1,TRUE,196.082999999984
"370","Z=~z3",0.853532726433006,0.0681889201728437,0.8,"MC-OrdPLSc-Median",7189,252001,300,"Alt.Mod","5",1,TRUE,196.082999999984
"371","Y=~y1",0.568505167595452,0.0819880140530427,0.4,"MC-OrdPLSc-Median",7189,252001,300,"Alt.Mod","5",1,TRUE,196.082999999984
"372","Y=~y2",0.69876761841778,0.069091088429131,0.7,"MC-OrdPLSc-Median",7189,252001,300,"Alt.Mod","5",1,TRUE,196.082999999984
"373","Y=~y3",0.839411378272474,0.0628269517635507,0.9,"MC-OrdPLSc-Median",7189,252001,300,"Alt.Mod","5",1,TRUE,196.082999999984
"374","Y~X",0.405876902890534,0.0742308006243422,0.4,"MC-OrdPLSc-Median",7189,252001,300,"Alt.Mod","5",1,TRUE,196.082999999984
"375","Y~Z",0.486116900029932,0.109202521981641,0.5,"MC-OrdPLSc-Median",7189,252001,300,"Alt.Mod","5",1,TRUE,196.082999999984
"376","Y~X:Z",0.233913740905744,0.120713764759414,0.3,"MC-OrdPLSc-Median",7189,252001,300,"Alt.Mod","5",1,TRUE,196.082999999984
"377","X~~Z",0.124172288648644,0.0896399038807888,0.2,"MC-OrdPLSc-Median",7189,252001,300,"Alt.Mod","5",1,TRUE,196.082999999984
"378","X=~x1",0.400750793441653,0.0422644597769016,0.4,"MC-OrdPLSc-Median",7190,7419869,1000,"Alt.Mod","5",1,TRUE,73.8040000000037
"379","X=~x2",0.783442676785133,0.0331494215322794,0.8,"MC-OrdPLSc-Median",7190,7419869,1000,"Alt.Mod","5",1,TRUE,73.8040000000037
"380","X=~x3",0.81315264987723,0.0349235489623236,0.8,"MC-OrdPLSc-Median",7190,7419869,1000,"Alt.Mod","5",1,TRUE,73.8040000000037
"381","Z=~z1",0.553596182550389,0.0325577578859222,0.6,"MC-OrdPLSc-Median",7190,7419869,1000,"Alt.Mod","5",1,TRUE,73.8040000000037
"382","Z=~z2",0.608864033880138,0.0383104370669487,0.6,"MC-OrdPLSc-Median",7190,7419869,1000,"Alt.Mod","5",1,TRUE,73.8040000000037
"383","Z=~z3",0.796871122022451,0.0420705941976102,0.8,"MC-OrdPLSc-Median",7190,7419869,1000,"Alt.Mod","5",1,TRUE,73.8040000000037
"384","Y=~y1",0.436233512495774,0.0416052508063846,0.4,"MC-OrdPLSc-Median",7190,7419869,1000,"Alt.Mod","5",1,TRUE,73.8040000000037
"385","Y=~y2",0.700969939336128,0.0333984551187008,0.7,"MC-OrdPLSc-Median",7190,7419869,1000,"Alt.Mod","5",1,TRUE,73.8040000000037
"386","Y=~y3",0.900917064614541,0.0244530580771747,0.9,"MC-OrdPLSc-Median",7190,7419869,1000,"Alt.Mod","5",1,TRUE,73.8040000000037
"387","Y~X",0.432777324092438,0.0323912354576041,0.4,"MC-OrdPLSc-Median",7190,7419869,1000,"Alt.Mod","5",1,TRUE,73.8040000000037
"388","Y~Z",0.541834579492484,0.0322168785298398,0.5,"MC-OrdPLSc-Median",7190,7419869,1000,"Alt.Mod","5",1,TRUE,73.8040000000037
"389","Y~X:Z",0.376788124600105,0.0404128960620813,0.3,"MC-OrdPLSc-Median",7190,7419869,1000,"Alt.Mod","5",1,TRUE,73.8040000000037
"390","X~~Z",0.168285664506879,0.0399647817912106,0.2,"MC-OrdPLSc-Median",7190,7419869,1000,"Alt.Mod","5",1,TRUE,73.8040000000037
"391","X=~x1",0.432767913060939,0.073315216607817,0.4,"MC-OrdPLSc-Median",7191,8102330,300,"Alt.Mod","7",1,TRUE,271.701000000001
"392","X=~x2",0.837520060302474,0.0686165472308786,0.8,"MC-OrdPLSc-Median",7191,8102330,300,"Alt.Mod","7",1,TRUE,271.701000000001
"393","X=~x3",0.71071133107811,0.077963889336679,0.8,"MC-OrdPLSc-Median",7191,8102330,300,"Alt.Mod","7",1,TRUE,271.701000000001
"394","Z=~z1",0.53322977202324,0.0613255061260875,0.6,"MC-OrdPLSc-Median",7191,8102330,300,"Alt.Mod","7",1,TRUE,271.701000000001
"395","Z=~z2",0.624343970958368,0.0950187739539969,0.6,"MC-OrdPLSc-Median",7191,8102330,300,"Alt.Mod","7",1,TRUE,271.701000000001
"396","Z=~z3",0.873733587862248,0.0831609914048688,0.8,"MC-OrdPLSc-Median",7191,8102330,300,"Alt.Mod","7",1,TRUE,271.701000000001
"397","Y=~y1",0.378151548452521,0.0519722474597106,0.4,"MC-OrdPLSc-Median",7191,8102330,300,"Alt.Mod","7",1,TRUE,271.701000000001
"398","Y=~y2",0.581127237601338,0.0556195461329817,0.7,"MC-OrdPLSc-Median",7191,8102330,300,"Alt.Mod","7",1,TRUE,271.701000000001
"399","Y=~y3",0.950730582835832,0.0564786810738772,0.9,"MC-OrdPLSc-Median",7191,8102330,300,"Alt.Mod","7",1,TRUE,271.701000000001
"400","Y~X",0.387219783077363,0.096716542974746,0.4,"MC-OrdPLSc-Median",7191,8102330,300,"Alt.Mod","7",1,TRUE,271.701000000001
"401","Y~Z",0.374136042061769,0.0739370466348355,0.5,"MC-OrdPLSc-Median",7191,8102330,300,"Alt.Mod","7",1,TRUE,271.701000000001
"402","Y~X:Z",0.292856772972589,0.0890951059431917,0.3,"MC-OrdPLSc-Median",7191,8102330,300,"Alt.Mod","7",1,TRUE,271.701000000001
"403","X~~Z",0.36897529213766,0.105235401517147,0.2,"MC-OrdPLSc-Median",7191,8102330,300,"Alt.Mod","7",1,TRUE,271.701000000001
"404","X=~x1",0.401139212721386,0.0477090071921343,0.4,"MC-OrdPLSc-Median",7192,5073421,1000,"Alt.Mod","7",1,TRUE,96.0769999999902
"405","X=~x2",0.825345884982983,0.024872532742122,0.8,"MC-OrdPLSc-Median",7192,5073421,1000,"Alt.Mod","7",1,TRUE,96.0769999999902
"406","X=~x3",0.789034444852687,0.0314426046417756,0.8,"MC-OrdPLSc-Median",7192,5073421,1000,"Alt.Mod","7",1,TRUE,96.0769999999902
"407","Z=~z1",0.617030226747712,0.0301749333375706,0.6,"MC-OrdPLSc-Median",7192,5073421,1000,"Alt.Mod","7",1,TRUE,96.0769999999902
"408","Z=~z2",0.572538727697569,0.0334212155626663,0.6,"MC-OrdPLSc-Median",7192,5073421,1000,"Alt.Mod","7",1,TRUE,96.0769999999902
"409","Z=~z3",0.803517294654738,0.0273949863706102,0.8,"MC-OrdPLSc-Median",7192,5073421,1000,"Alt.Mod","7",1,TRUE,96.0769999999902
"410","Y=~y1",0.40967463368201,0.030860807980725,0.4,"MC-OrdPLSc-Median",7192,5073421,1000,"Alt.Mod","7",1,TRUE,96.0769999999902
"411","Y=~y2",0.715131404381822,0.0255819596873747,0.7,"MC-OrdPLSc-Median",7192,5073421,1000,"Alt.Mod","7",1,TRUE,96.0769999999902
"412","Y=~y3",0.906591087798648,0.0265761555856612,0.9,"MC-OrdPLSc-Median",7192,5073421,1000,"Alt.Mod","7",1,TRUE,96.0769999999902
"413","Y~X",0.414945662875316,0.0332598528971009,0.4,"MC-OrdPLSc-Median",7192,5073421,1000,"Alt.Mod","7",1,TRUE,96.0769999999902
"414","Y~Z",0.482083659163846,0.0327453804363694,0.5,"MC-OrdPLSc-Median",7192,5073421,1000,"Alt.Mod","7",1,TRUE,96.0769999999902
"415","Y~X:Z",0.283429149572449,0.0385127829867317,0.3,"MC-OrdPLSc-Median",7192,5073421,1000,"Alt.Mod","7",1,TRUE,96.0769999999902
"416","X~~Z",0.181371330548248,0.0473875288065082,0.2,"MC-OrdPLSc-Median",7192,5073421,1000,"Alt.Mod","7",1,TRUE,96.0769999999902
"417","X=~x1",0.434356411529309,2.48107199043955,0.4,"MC-OrdPLSc-Median",7193,8230136,300,"Alt.Ext","2",1,TRUE,132.315999999992
"418","X=~x2",0.954737432723106,0.203738291949144,0.8,"MC-OrdPLSc-Median",7193,8230136,300,"Alt.Ext","2",1,TRUE,132.315999999992
"419","X=~x3",0.623175708072259,0.599417498196596,0.8,"MC-OrdPLSc-Median",7193,8230136,300,"Alt.Ext","2",1,TRUE,132.315999999992
"420","Z=~z1",0.570689127186462,0.490492307622416,0.6,"MC-OrdPLSc-Median",7193,8230136,300,"Alt.Ext","2",1,TRUE,132.315999999992
"421","Z=~z2",0.498884274718184,0.471520737634405,0.6,"MC-OrdPLSc-Median",7193,8230136,300,"Alt.Ext","2",1,TRUE,132.315999999992
"422","Z=~z3",0.610071757343317,0.306543618928846,0.8,"MC-OrdPLSc-Median",7193,8230136,300,"Alt.Ext","2",1,TRUE,132.315999999992
"423","Y=~y1",0.434833598923867,0.69915124839985,0.4,"MC-OrdPLSc-Median",7193,8230136,300,"Alt.Ext","2",1,TRUE,132.315999999992
"424","Y=~y2",0.922264359784011,0.279989050226112,0.7,"MC-OrdPLSc-Median",7193,8230136,300,"Alt.Ext","2",1,TRUE,132.315999999992
"425","Y=~y3",0.882982962035828,0.298645847296188,0.9,"MC-OrdPLSc-Median",7193,8230136,300,"Alt.Ext","2",1,TRUE,132.315999999992
"426","Y~X",0.360965563253189,0.185336673819089,0.4,"MC-OrdPLSc-Median",7193,8230136,300,"Alt.Ext","2",1,TRUE,132.315999999992
"427","Y~Z",0.551258296333215,0.1727401680912,0.5,"MC-OrdPLSc-Median",7193,8230136,300,"Alt.Ext","2",1,TRUE,132.315999999992
"428","Y~X:Z",0.443814335014098,0.230402962817485,0.3,"MC-OrdPLSc-Median",7193,8230136,300,"Alt.Ext","2",1,TRUE,132.315999999992
"429","X~~Z",0.233986609076285,0.612087618770522,0.2,"MC-OrdPLSc-Median",7193,8230136,300,"Alt.Ext","2",1,TRUE,132.315999999992
"430","X=~x1",0.343917006324433,0.197288415673678,0.4,"MC-OrdPLSc-Median",7194,5112978,1000,"Alt.Ext","2",1,TRUE,44.0709999999963
"431","X=~x2",0.470668661262873,0.23577820976555,0.8,"MC-OrdPLSc-Median",7194,5112978,1000,"Alt.Ext","2",1,TRUE,44.0709999999963
"432","X=~x3",0.999,0.649536367624734,0.8,"MC-OrdPLSc-Median",7194,5112978,1000,"Alt.Ext","2",1,TRUE,44.0709999999963
"433","Z=~z1",0.437062532039619,0.586905443430508,0.6,"MC-OrdPLSc-Median",7194,5112978,1000,"Alt.Ext","2",1,TRUE,44.0709999999963
"434","Z=~z2",0.656218153708177,0.130874910500656,0.6,"MC-OrdPLSc-Median",7194,5112978,1000,"Alt.Ext","2",1,TRUE,44.0709999999963
"435","Z=~z3",0.864925182071911,0.135620690802042,0.8,"MC-OrdPLSc-Median",7194,5112978,1000,"Alt.Ext","2",1,TRUE,44.0709999999963
"436","Y=~y1",0.358641419931489,0.0885013835686463,0.4,"MC-OrdPLSc-Median",7194,5112978,1000,"Alt.Ext","2",1,TRUE,44.0709999999963
"437","Y=~y2",0.737887832492888,0.202121313873891,0.7,"MC-OrdPLSc-Median",7194,5112978,1000,"Alt.Ext","2",1,TRUE,44.0709999999963
"438","Y=~y3",0.831993706299837,0.30320253199954,0.9,"MC-OrdPLSc-Median",7194,5112978,1000,"Alt.Ext","2",1,TRUE,44.0709999999963
"439","Y~X",0.399748827282007,0.382699729801391,0.4,"MC-OrdPLSc-Median",7194,5112978,1000,"Alt.Ext","2",1,TRUE,44.0709999999963
"440","Y~Z",0.468067005533139,0.0650500283660304,0.5,"MC-OrdPLSc-Median",7194,5112978,1000,"Alt.Ext","2",1,TRUE,44.0709999999963
"441","Y~X:Z",0.364873011133189,0.76781779848415,0.3,"MC-OrdPLSc-Median",7194,5112978,1000,"Alt.Ext","2",1,TRUE,44.0709999999963
"442","X~~Z",0.268496648776683,0.537315694734482,0.2,"MC-OrdPLSc-Median",7194,5112978,1000,"Alt.Ext","2",1,TRUE,44.0709999999963
"443","X=~x1",0.399348442665663,0.0912694720425342,0.4,"MC-OrdPLSc-Median",7195,2503650,300,"Alt.Ext","3",1,TRUE,209.125999999989
"444","X=~x2",0.839756450452763,0.0812005809770042,0.8,"MC-OrdPLSc-Median",7195,2503650,300,"Alt.Ext","3",1,TRUE,209.125999999989
"445","X=~x3",0.830087725269268,0.10250653607667,0.8,"MC-OrdPLSc-Median",7195,2503650,300,"Alt.Ext","3",1,TRUE,209.125999999989
"446","Z=~z1",0.463330151771666,0.0989779470617988,0.6,"MC-OrdPLSc-Median",7195,2503650,300,"Alt.Ext","3",1,TRUE,209.125999999989
"447","Z=~z2",0.559217304671171,0.0908978831957498,0.6,"MC-OrdPLSc-Median",7195,2503650,300,"Alt.Ext","3",1,TRUE,209.125999999989
"448","Z=~z3",0.9361549259101,0.250039899516052,0.8,"MC-OrdPLSc-Median",7195,2503650,300,"Alt.Ext","3",1,TRUE,209.125999999989
"449","Y=~y1",0.633174053445204,0.101083928997878,0.4,"MC-OrdPLSc-Median",7195,2503650,300,"Alt.Ext","3",1,TRUE,209.125999999989
"450","Y=~y2",0.745795056449752,0.104257107125634,0.7,"MC-OrdPLSc-Median",7195,2503650,300,"Alt.Ext","3",1,TRUE,209.125999999989
"451","Y=~y3",0.774199527408518,0.106302036275579,0.9,"MC-OrdPLSc-Median",7195,2503650,300,"Alt.Ext","3",1,TRUE,209.125999999989
"452","Y~X",0.523277403825678,0.0986738924786894,0.4,"MC-OrdPLSc-Median",7195,2503650,300,"Alt.Ext","3",1,TRUE,209.125999999989
"453","Y~Z",0.380377397238787,0.123721984934015,0.5,"MC-OrdPLSc-Median",7195,2503650,300,"Alt.Ext","3",1,TRUE,209.125999999989
"454","Y~X:Z",0.208765454768073,0.134256682133216,0.3,"MC-OrdPLSc-Median",7195,2503650,300,"Alt.Ext","3",1,TRUE,209.125999999989
"455","X~~Z",0.32747480605001,0.108280695582024,0.2,"MC-OrdPLSc-Median",7195,2503650,300,"Alt.Ext","3",1,TRUE,209.125999999989
"456","X=~x1",0.439566097862232,0.051290063517103,0.4,"MC-OrdPLSc-Median",7196,6500045,1000,"Alt.Ext","3",1,TRUE,89.4109999999928
"457","X=~x2",0.728317178051754,0.0505699881497921,0.8,"MC-OrdPLSc-Median",7196,6500045,1000,"Alt.Ext","3",1,TRUE,89.4109999999928
"458","X=~x3",0.890239315387049,0.0407935902913538,0.8,"MC-OrdPLSc-Median",7196,6500045,1000,"Alt.Ext","3",1,TRUE,89.4109999999928
"459","Z=~z1",0.61689381868856,0.0458506721561753,0.6,"MC-OrdPLSc-Median",7196,6500045,1000,"Alt.Ext","3",1,TRUE,89.4109999999928
"460","Z=~z2",0.544355472896432,0.058331880955568,0.6,"MC-OrdPLSc-Median",7196,6500045,1000,"Alt.Ext","3",1,TRUE,89.4109999999928
"461","Z=~z3",0.770041377030986,0.0556240598015432,0.8,"MC-OrdPLSc-Median",7196,6500045,1000,"Alt.Ext","3",1,TRUE,89.4109999999928
"462","Y=~y1",0.442519923904702,0.0574566299828988,0.4,"MC-OrdPLSc-Median",7196,6500045,1000,"Alt.Ext","3",1,TRUE,89.4109999999928
"463","Y=~y2",0.717841271688459,0.055558080706665,0.7,"MC-OrdPLSc-Median",7196,6500045,1000,"Alt.Ext","3",1,TRUE,89.4109999999928
"464","Y=~y3",0.900336672454207,0.0327722124259853,0.9,"MC-OrdPLSc-Median",7196,6500045,1000,"Alt.Ext","3",1,TRUE,89.4109999999928
"465","Y~X",0.490240423254187,0.045186968774384,0.4,"MC-OrdPLSc-Median",7196,6500045,1000,"Alt.Ext","3",1,TRUE,89.4109999999928
"466","Y~Z",0.535870017318377,0.0460534844529524,0.5,"MC-OrdPLSc-Median",7196,6500045,1000,"Alt.Ext","3",1,TRUE,89.4109999999928
"467","Y~X:Z",0.257697842544892,0.0669825531700605,0.3,"MC-OrdPLSc-Median",7196,6500045,1000,"Alt.Ext","3",1,TRUE,89.4109999999928
"468","X~~Z",0.107138974038155,0.0693921834197104,0.2,"MC-OrdPLSc-Median",7196,6500045,1000,"Alt.Ext","3",1,TRUE,89.4109999999928
"469","X=~x1",0.500659069816783,0.149802629748178,0.4,"MC-OrdPLSc-Median",7197,8260865,300,"Alt.Ext","5",1,TRUE,361.419999999984
"470","X=~x2",0.833698687628075,0.0622374333763626,0.8,"MC-OrdPLSc-Median",7197,8260865,300,"Alt.Ext","5",1,TRUE,361.419999999984
"471","X=~x3",0.754744044034022,0.0803331999190024,0.8,"MC-OrdPLSc-Median",7197,8260865,300,"Alt.Ext","5",1,TRUE,361.419999999984
"472","Z=~z1",0.651859915069847,0.108214005799397,0.6,"MC-OrdPLSc-Median",7197,8260865,300,"Alt.Ext","5",1,TRUE,361.419999999984
"473","Z=~z2",0.598402678373489,0.105100523789654,0.6,"MC-OrdPLSc-Median",7197,8260865,300,"Alt.Ext","5",1,TRUE,361.419999999984
"474","Z=~z3",0.694801778413478,0.0836988773885937,0.8,"MC-OrdPLSc-Median",7197,8260865,300,"Alt.Ext","5",1,TRUE,361.419999999984
"475","Y=~y1",0.382303572616912,0.0642669747389626,0.4,"MC-OrdPLSc-Median",7197,8260865,300,"Alt.Ext","5",1,TRUE,361.419999999984
"476","Y=~y2",0.756585529738879,0.0664586207302551,0.7,"MC-OrdPLSc-Median",7197,8260865,300,"Alt.Ext","5",1,TRUE,361.419999999984
"477","Y=~y3",0.872865434873627,0.04941137876744,0.9,"MC-OrdPLSc-Median",7197,8260865,300,"Alt.Ext","5",1,TRUE,361.419999999984
"478","Y~X",0.436479508977907,0.10340955317516,0.4,"MC-OrdPLSc-Median",7197,8260865,300,"Alt.Ext","5",1,TRUE,361.419999999984
"479","Y~Z",0.530265710537325,0.0715539675497172,0.5,"MC-OrdPLSc-Median",7197,8260865,300,"Alt.Ext","5",1,TRUE,361.419999999984
"480","Y~X:Z",0.362248237834413,0.10362979052596,0.3,"MC-OrdPLSc-Median",7197,8260865,300,"Alt.Ext","5",1,TRUE,361.419999999984
"481","X~~Z",0.169268558393936,0.0858813352445424,0.2,"MC-OrdPLSc-Median",7197,8260865,300,"Alt.Ext","5",1,TRUE,361.419999999984
"482","X=~x1",0.433436724633617,0.0471313554260342,0.4,"MC-OrdPLSc-Median",7198,4279574,1000,"Alt.Ext","5",1,TRUE,122.998000000021
"483","X=~x2",0.813329376294644,0.0364961957468663,0.8,"MC-OrdPLSc-Median",7198,4279574,1000,"Alt.Ext","5",1,TRUE,122.998000000021
"484","X=~x3",0.790643405041825,0.0409835277213182,0.8,"MC-OrdPLSc-Median",7198,4279574,1000,"Alt.Ext","5",1,TRUE,122.998000000021
"485","Z=~z1",0.671678797490987,0.0470840143690694,0.6,"MC-OrdPLSc-Median",7198,4279574,1000,"Alt.Ext","5",1,TRUE,122.998000000021
"486","Z=~z2",0.492241530001483,0.0575345645101674,0.6,"MC-OrdPLSc-Median",7198,4279574,1000,"Alt.Ext","5",1,TRUE,122.998000000021
"487","Z=~z3",0.790558300636451,0.050656603410634,0.8,"MC-OrdPLSc-Median",7198,4279574,1000,"Alt.Ext","5",1,TRUE,122.998000000021
"488","Y=~y1",0.403792746364751,0.0481050657486838,0.4,"MC-OrdPLSc-Median",7198,4279574,1000,"Alt.Ext","5",1,TRUE,122.998000000021
"489","Y=~y2",0.681777090206552,0.0518517040276865,0.7,"MC-OrdPLSc-Median",7198,4279574,1000,"Alt.Ext","5",1,TRUE,122.998000000021
"490","Y=~y3",0.889533282600418,0.0429947440316186,0.9,"MC-OrdPLSc-Median",7198,4279574,1000,"Alt.Ext","5",1,TRUE,122.998000000021
"491","Y~X",0.449582834357996,0.0382677343049136,0.4,"MC-OrdPLSc-Median",7198,4279574,1000,"Alt.Ext","5",1,TRUE,122.998000000021
"492","Y~Z",0.425315217481523,0.0350347405966834,0.5,"MC-OrdPLSc-Median",7198,4279574,1000,"Alt.Ext","5",1,TRUE,122.998000000021
"493","Y~X:Z",0.286006771127092,0.0618444898365526,0.3,"MC-OrdPLSc-Median",7198,4279574,1000,"Alt.Ext","5",1,TRUE,122.998000000021
"494","X~~Z",0.164569845858073,0.05051181081665,0.2,"MC-OrdPLSc-Median",7198,4279574,1000,"Alt.Ext","5",1,TRUE,122.998000000021
"495","X=~x1",0.442117344292015,0.0686559437848871,0.4,"MC-OrdPLSc-Median",7199,7132102,300,"Alt.Ext","7",1,TRUE,461.224000000017
"496","X=~x2",0.758565870996487,0.0596438277857623,0.8,"MC-OrdPLSc-Median",7199,7132102,300,"Alt.Ext","7",1,TRUE,461.224000000017
"497","X=~x3",0.849711985803881,0.0500520059551525,0.8,"MC-OrdPLSc-Median",7199,7132102,300,"Alt.Ext","7",1,TRUE,461.224000000017
"498","Z=~z1",0.589236576961595,0.0917067216156289,0.6,"MC-OrdPLSc-Median",7199,7132102,300,"Alt.Ext","7",1,TRUE,461.224000000017
"499","Z=~z2",0.628604301064579,0.0588641311124748,0.6,"MC-OrdPLSc-Median",7199,7132102,300,"Alt.Ext","7",1,TRUE,461.224000000017
"500","Z=~z3",0.779397757405909,0.0791987942783043,0.8,"MC-OrdPLSc-Median",7199,7132102,300,"Alt.Ext","7",1,TRUE,461.224000000017
"501","Y=~y1",0.35106916508283,0.0772140116386807,0.4,"MC-OrdPLSc-Median",7199,7132102,300,"Alt.Ext","7",1,TRUE,461.224000000017
"502","Y=~y2",0.632632621229423,0.057297715302254,0.7,"MC-OrdPLSc-Median",7199,7132102,300,"Alt.Ext","7",1,TRUE,461.224000000017
"503","Y=~y3",0.817542977785926,0.0701540105096293,0.9,"MC-OrdPLSc-Median",7199,7132102,300,"Alt.Ext","7",1,TRUE,461.224000000017
"504","Y~X",0.428525993336698,0.0753265863766937,0.4,"MC-OrdPLSc-Median",7199,7132102,300,"Alt.Ext","7",1,TRUE,461.224000000017
"505","Y~Z",0.555333750509331,0.0739302270691772,0.5,"MC-OrdPLSc-Median",7199,7132102,300,"Alt.Ext","7",1,TRUE,461.224000000017
"506","Y~X:Z",0.193699841769051,0.0827712596117166,0.3,"MC-OrdPLSc-Median",7199,7132102,300,"Alt.Ext","7",1,TRUE,461.224000000017
"507","X~~Z",0.26585701965664,0.10568699078597,0.2,"MC-OrdPLSc-Median",7199,7132102,300,"Alt.Ext","7",1,TRUE,461.224000000017
"508","X=~x1",0.453896384732483,0.0496105956167709,0.4,"MC-OrdPLSc-Median",7200,3103857,1000,"Alt.Ext","7",1,TRUE,152.763999999996
"509","X=~x2",0.805777226580432,0.0358730173449691,0.8,"MC-OrdPLSc-Median",7200,3103857,1000,"Alt.Ext","7",1,TRUE,152.763999999996
"510","X=~x3",0.763455674834772,0.0387827689671181,0.8,"MC-OrdPLSc-Median",7200,3103857,1000,"Alt.Ext","7",1,TRUE,152.763999999996
"511","Z=~z1",0.583395544750302,0.039993737625483,0.6,"MC-OrdPLSc-Median",7200,3103857,1000,"Alt.Ext","7",1,TRUE,152.763999999996
"512","Z=~z2",0.665756237121804,0.0431497920902845,0.6,"MC-OrdPLSc-Median",7200,3103857,1000,"Alt.Ext","7",1,TRUE,152.763999999996
"513","Z=~z3",0.767683029022742,0.0299694428009976,0.8,"MC-OrdPLSc-Median",7200,3103857,1000,"Alt.Ext","7",1,TRUE,152.763999999996
"514","Y=~y1",0.429769945801793,0.0475148063671665,0.4,"MC-OrdPLSc-Median",7200,3103857,1000,"Alt.Ext","7",1,TRUE,152.763999999996
"515","Y=~y2",0.72109609855829,0.0364792235689688,0.7,"MC-OrdPLSc-Median",7200,3103857,1000,"Alt.Ext","7",1,TRUE,152.763999999996
"516","Y=~y3",0.878745173573004,0.0397955703736297,0.9,"MC-OrdPLSc-Median",7200,3103857,1000,"Alt.Ext","7",1,TRUE,152.763999999996
"517","Y~X",0.396012739107396,0.0374599168231055,0.4,"MC-OrdPLSc-Median",7200,3103857,1000,"Alt.Ext","7",1,TRUE,152.763999999996
"518","Y~Z",0.482901546593643,0.0441927202796689,0.5,"MC-OrdPLSc-Median",7200,3103857,1000,"Alt.Ext","7",1,TRUE,152.763999999996
"519","Y~X:Z",0.390927352374649,0.0493757472447685,0.3,"MC-OrdPLSc-Median",7200,3103857,1000,"Alt.Ext","7",1,TRUE,152.763999999996
"520","X~~Z",0.218338500114281,0.0531711519509977,0.2,"MC-OrdPLSc-Median",7200,3103857,1000,"Alt.Ext","7",1,TRUE,152.763999999996
